6.000000e+01 9.130779e-08
9.600000e+01 3.483752e-08
1.320000e+02 2.061780e-08
1.830000e+02 1.335020e-08
2.530000e+02 9.203074e-09
3.500000e+02 6.512622e-09
4.800000e+02 6.251072e-09
6.500000e+02 3.434192e-09
8.900000e+02 3.140188e-09
1.210000e+03 3.944891e-09
1.650000e+03 5.453670e-09
2.250000e+03 7.978347e-09
3.070000e+03 1.204004e-08
4.180000e+03 2.030254e-08
5.700000e+03 3.053097e-08
7.780000e+03 4.766938e-08
1.061000e+04 7.505031e-08
1.446000e+04 1.207858e-07
1.972000e+04 2.013400e-07
2.689000e+04 1.000000e+00
3.667000e+04 1.000000e+00
5.000000e+04 1.000000e+00
