6.000000e+01 1.143401e-07
9.600000e+01 4.600568e-08
1.320000e+02 2.956538e-08
1.830000e+02 2.134802e-08
2.530000e+02 1.682925e-08
3.500000e+02 1.389560e-08
4.800000e+02 1.236190e-08
6.500000e+02 7.922541e-09
8.900000e+02 8.523311e-09
1.210000e+03 1.264229e-08
1.650000e+03 2.066033e-08
2.250000e+03 3.571007e-08
3.070000e+03 6.357394e-08
4.180000e+03 1.262378e-07
5.700000e+03 2.231271e-07
7.780000e+03 4.099212e-07
1.061000e+04 7.565847e-07
1.446000e+04 1.431612e-06
1.972000e+04 2.780308e-06
2.689000e+04 1.000000e+00
3.667000e+04 1.000000e+00
5.000000e+04 1.000000e+00
