6.000000e+01 1.000000e+00
9.600000e+01 6.789101e-09
1.320000e+02 7.149150e-09
1.830000e+02 8.686414e-09
2.530000e+02 1.192660e-08
3.500000e+02 1.581188e-08
4.800000e+02 2.290415e-08
6.500000e+02 2.302130e-08
8.900000e+02 2.727204e-08
1.210000e+03 3.936752e-08
1.650000e+03 6.318529e-08
2.250000e+03 1.068228e-07
3.070000e+03 1.865621e-07
4.180000e+03 3.641462e-07
5.700000e+03 6.332314e-07
7.780000e+03 1.146405e-06
1.061000e+04 2.087793e-06
1.446000e+04 3.902012e-06
1.972000e+04 7.492845e-06
2.689000e+04 1.585270e-05
3.667000e+04 3.075393e-05
5.000000e+04 7.495847e-05
