6.000000e+01 1.000000e+00
9.600000e+01 4.875582e-09
1.320000e+02 4.528734e-09
1.830000e+02 4.803399e-09
2.530000e+02 5.711494e-09
3.500000e+02 6.521723e-09
4.800000e+02 1.015029e-08
6.500000e+02 8.828484e-09
8.900000e+02 9.023252e-09
1.210000e+03 1.121801e-08
1.650000e+03 1.548114e-08
2.250000e+03 2.248008e-08
3.070000e+03 3.370507e-08
4.180000e+03 5.646867e-08
5.700000e+03 8.429089e-08
7.780000e+03 1.306569e-07
1.061000e+04 2.041914e-07
1.446000e+04 3.262212e-07
1.972000e+04 5.397832e-07
2.689000e+04 9.744122e-07
3.667000e+04 1.591361e-06
5.000000e+04 3.343610e-06
