6.000000e+01 7.275133e-09
9.600000e+01 4.446737e-09
1.320000e+02 3.897543e-09
1.830000e+02 3.993825e-09
2.530000e+02 4.584476e-09
3.500000e+02 5.683305e-09
4.800000e+02 9.841944e-09
6.500000e+02 9.903003e-09
8.900000e+02 1.117893e-08
1.210000e+03 1.377877e-08
1.650000e+03 1.930068e-08
2.250000e+03 2.949364e-08
3.070000e+03 4.784377e-08
4.180000e+03 8.900849e-08
5.700000e+03 1.514744e-07
7.780000e+03 2.741081e-07
1.061000e+04 5.110590e-07
1.446000e+04 9.937913e-07
1.972000e+04 2.041151e-06
2.689000e+04 1.000000e+00
3.667000e+04 1.000000e+00
5.000000e+04 1.000000e+00
