6.000000e+01 1.451947e-08
9.600000e+01 1.048363e-08
1.320000e+02 1.099287e-08
1.830000e+02 1.350663e-08
2.530000e+02 1.855688e-08
3.500000e+02 2.744402e-08
4.800000e+02 4.371356e-08
6.500000e+02 5.196966e-08
8.900000e+02 6.912982e-08
1.210000e+03 1.001498e-07
1.650000e+03 1.646404e-07
2.250000e+03 2.949155e-07
3.070000e+03 5.600303e-07
4.180000e+03 1.215923e-06
5.700000e+03 2.418698e-06
7.780000e+03 5.116379e-06
1.061000e+04 1.117298e-05
1.446000e+04 2.546697e-05
1.972000e+04 6.093447e-05
2.689000e+04 1.000000e+00
3.667000e+04 1.000000e+00
5.000000e+04 1.000000e+00
